0:07:31.654979
plankton_10_50_10_5_85
{'acc': [0.097263434665394902, 0.25057698636166226, 0.35740191113858422, 0.4365314874187618, 0.50379162706481395, 0.57665677816216165, 0.62875041820568256, 0.68710847284940846, 0.72172766247874154, 0.76129244714533184], 'loss': [4.4948673861434738, 3.5464329149634226, 2.9437938028147541, 2.5206967359166157, 2.1338985173803646, 1.8226730562537723, 1.5691457712489152, 1.3359444152393083, 1.1477132769178093, 0.98272035678463565], 'val_acc': [0.065303429125717252, 0.15039577785790911, 0.33377308532163147, 0.38984168861503654, 0.39775725585804139, 0.41094986917475596, 0.41160949683283754, 0.46042216299863475, 0.49868073744950003, 0.47757256046763197], 'val_loss': [4.5620972455963296, 4.1936067880615395, 3.2498393621796984, 2.8411671089937314, 2.7208958631455111, 2.6267187202196953, 2.5151944198205793, 2.2889211772299696, 2.0878098701424208, 2.1389414886685976]}
0:07:35.408316
plankton_10_50_10_5_85
{'acc': [0.099241674899504681, 0.25090669136294191, 0.35542367480786136, 0.43323442151237546, 0.49950543897913663, 0.57764589723643001, 0.62875041903106832, 0.67952522622686073, 0.73755357936000099, 0.77118364698691133], 'loss': [4.5168716175659158, 3.5831751364353579, 2.9814819314084429, 2.5498093226307343, 2.1533451838498063, 1.811853438684581, 1.5489823991930842, 1.3452461795212607, 1.1194198940439346, 0.95447362954963211], 'val_acc': [0.083773086319301568, 0.17150395863387233, 0.34432717577841793, 0.36345646626716555, 0.41622691053041999, 0.4511873361539086, 0.48284960064378452, 0.49010553790900196, 0.48350923518234945, 0.48812664404393502], 'val_loss': [4.5201225406576269, 4.0017473024554491, 3.1969297621055142, 3.0098186073957458, 2.6931049751417619, 2.3872871488568652, 2.1973703256697643, 2.1521277400937748, 2.1570911558448169, 2.1654690633034015]}
[2.1177871986394337, 0.50521621149663942]
['loss', 'acc']
0:07:37.787823
De256_Dr0.5_plankton_10_50_10_5_85
{'acc': [0.0082426638447762792, 0.015825914581970458, 0.020441806413653344, 0.026376524381892263, 0.034289481594269325, 0.047477744210190874, 0.050115396360477675, 0.060666006273398729, 0.05769864741210453, 0.059676886717655302], 'loss': [4.7958250770543689, 4.7944448180533543, 4.7935333553808501, 4.7926355434886858, 4.7911312077802437, 4.7899566188803453, 4.7888856121230514, 4.787684643107438, 4.7866585761691889, 4.7852289598844173], 'val_acc': [0.037598943750627126, 0.024406331908301816, 0.04683377228598639, 0.051451186307934473, 0.054089708676399534, 0.053430078084283267, 0.053430078084283267, 0.055408970106363614, 0.055408970106363614, 0.055408970106363614], 'val_loss': [4.7951462168177699, 4.794310410607773, 4.7936002453273074, 4.7924841601490034, 4.7913123535921205, 4.7902734380284215, 4.7892121947849642, 4.7881097661473824, 4.7868055020284528, 4.7856948904123033]}
[4.7849226967872793, 0.065541980806893455]
['loss', 'acc']
0:07:36.751325
De256_plankton_10_50_10_5_85
{'acc': [0.005275304860656819, 0.0062644245392255091, 0.0089020769523583815, 0.015496208062570479, 0.030003296507984899, 0.047477743947344803, 0.062644245991642394, 0.063963071821135267, 0.069897790069415794, 0.074183975374329178], 'loss': [4.7955215144699803, 4.7943197403494926, 4.793203332814846, 4.7923560650325863, 4.7908712101580084, 4.7899234014260195, 4.7885582996523111, 4.7875578075676835, 4.7864696989741766, 4.785043939992299], 'val_acc': [0.0013192611842325307, 0.001978891776348796, 0.0052770447516740154, 0.025065962623283856, 0.049472294531585671, 0.061345645695885444, 0.068601581825823141, 0.06794195149418232, 0.075197888729911996, 0.071899735400733342], 'val_loss': [4.7948813186786419, 4.7938214952524234, 4.792639967634055, 4.7915802517792798, 4.7906309155486815, 4.78940662356354, 4.7886120159581971, 4.7872838904801016, 4.7860046823295255, 4.7846759806207739]}
[4.7844291956636917, 0.07896063524838888]
['loss', 'acc']
0:07:36.559692
5De256relue_plankton_10_50_10_5_85
{'acc': [0.0026376524303284095, 0.030662709625393025, 0.070227496763227634, 0.1012199140920562, 0.11605670929269511, 0.13320145081695534, 0.16287504095784358, 0.18496538023625589, 0.20474777539453215, 0.23178371165575384], 'loss': [4.7487236558113635, 4.6375394200791318, 4.4723363153776479, 4.2743901516241172, 4.1160577075378439, 3.9874108847791985, 3.8715271918324801, 3.7554650529948863, 3.6361684172687223, 3.5128808765964776], 'val_acc': [0.0065963059211626533, 0.0679419521085112, 0.098284959837322494, 0.09696569888407762, 0.1207124005836044, 0.15831134531715771, 0.19393139865770345, 0.19525065849041245, 0.22361477604013005, 0.24802110929995538], 'val_loss': [4.7294225076257712, 4.6386146004407571, 4.4595470824782639, 4.3283904790878296, 4.1956598352945571, 4.0187350857540922, 3.9202764339371532, 3.821214307895751, 3.6648515475456822, 3.6124496604647676]}
[3.5214386675647695, 0.26581345742146867]
['loss', 'acc']
normal_plankton_1_50_1_1_1
Base Inception V3
Elapsed Time
0:00:23.100843
{'acc': [0.016501649796175879], 'loss': [5.4107300314572777], 'val_acc': [0.006600659918470351], 'val_loss': [6.1898773259455613]}
normal_plankton_1_50_1_1_1
Base Inception V3
Elapsed Time
0:00:25.200915
normal_plankton_1_50_1_1_1
Base Inception V3
Elapsed Time
0:00:25.210799
{'acc': [0.016501649968301502], 'loss': [5.3923712996366397], 'val_acc': [0.009900989877705527], 'val_loss': [6.0178235859760747]}
[5.8798814260526848, 0.006600659918470351]
['loss', 'acc']
normal_plankton_100_50_10_5_85
Base Inception V3
Elapsed Time
1:12:54.025162
{'acc': [0.10220903398925386, 0.24925816086625407, 0.35476426059485189, 0.43916914247263789, 0.50873722109981701, 0.56973293945414372, 0.63402572125835144, 0.67326080197750282, 0.73030003308856839, 0.7701945220170302, 0.80250576563963116, 0.8381140710613415, 0.86943619496115665, 0.88921859236467882, 0.90636333325024765, 0.9212001317057561, 0.93306956478286174, 0.94394988566391391, 0.95746785127169376, 0.96406198406706856, 0.96505110378985437, 0.97461259934991018, 0.96801846394081381, 0.97725025457082859, 0.97790966083458697, 0.98351467292457373, 0.98252555909740069, 0.98648203209293117, 0.98648203307553328, 0.98549291466943434, 0.98549291728315591, 0.98714144753419331, 0.99010880670255064, 0.99439499085781957, 0.99142763202354689, 0.99406528362848956, 0.99274646060678218, 0.99307616685351008, 0.99208704418291793, 0.99274645962418007, 0.99439499282302379, 0.99439499282302379, 0.99736234904357479, 0.9937355813121701, 0.99505440335127526, 0.99571381879253751, 0.99538410959800316, 0.99571381780993529, 0.99472470005235381, 0.99505440335127526, 0.99241675239485005, 0.99505440236867315, 0.9973623500261769, 0.99835146876636061, 0.9980217625196327, 0.99670293655011899, 0.99571381682733318, 0.9973623500261769, 0.9980217625196327, 0.99835146876636061, 0.99901088027721419, 0.99637322932078898, 0.99736234806097268, 0.99637322932078898, 0.9973623500261769, 0.9986811750130884, 0.99670293556751688, 0.99835146876636061, 0.9980217625196327, 0.99769205529030269, 0.99736234904357479, 0.9973623500261769, 0.9986811750130884, 0.99835146778375838, 0.99835146778375838, 0.99835146876636061, 0.9980217625196327, 0.9993405875065442, 0.9986811750130884, 0.9996702937532721, 0.9980217625196327, 0.9986811750130884, 0.9990108812598163, 0.99769205529030269, 0.9990108812598163, 0.99736234806097268, 0.9993405875065442, 0.9986811750130884, 0.9993405875065442, 0.9993405875065442, 0.9990108812598163, 0.99802176153703059, 0.99835146876636061, 0.9996702937532721, 0.9986811750130884, 1.0, 0.9993405875065442, 0.9996702937532721, 0.99736234806097268, 0.9990108812598163], 'loss': [4.4822243391150813, 3.5720676736709036, 2.980130347645876, 2.5238045566827991, 2.1319999271912264, 1.8243598636918992, 1.5653731704269194, 1.3453620109391455, 1.1224019203176603, 0.96110126443951582, 0.8405065760335787, 0.71203204708409085, 0.59917651042661535, 0.49954673100571173, 0.44868197917270064, 0.3960166450306169, 0.34329331369239663, 0.30541977109470425, 0.24156109210959842, 0.23098904312030341, 0.21109541552494432, 0.17939251777247708, 0.19169720294960568, 0.1612690494393029, 0.15224318891429603, 0.13306868532743149, 0.12350452341755899, 0.10862223366124969, 0.10705507540767671, 0.10828177524289007, 0.10420775286020559, 0.088819367873110552, 0.085468722188626028, 0.074578242438473483, 0.074343855427980346, 0.065827376218104264, 0.06609053687096389, 0.0634138879273793, 0.064618773220436743, 0.05994413529565399, 0.059038147074193442, 0.053305511550466256, 0.050190980630004677, 0.055245627675228809, 0.048614960542133531, 0.047765706586898687, 0.04912793327477892, 0.042136972148599031, 0.043993404510953307, 0.043854411059491241, 0.047674431729947543, 0.045342978362105796, 0.038741092512336768, 0.03450869209296753, 0.033624990342416429, 0.03483050182907594, 0.033812476404347792, 0.030028983956756194, 0.030124818455419287, 0.031182869682331076, 0.026406878019915508, 0.033391964936581649, 0.030810165276429734, 0.031326039032221448, 0.028353087984804192, 0.026374548035245443, 0.030837606118197906, 0.02356510514690072, 0.023094205039915987, 0.022932467925366282, 0.026087557563808171, 0.024728922419952573, 0.023215102158951121, 0.024013518774313892, 0.023258373088780957, 0.021790580970486653, 0.021760956628970922, 0.019262081304300384, 0.025411211866781021, 0.020285702608660861, 0.018681842074697259, 0.018282076818306594, 0.017789697326766434, 0.021161149854090421, 0.017791708934397497, 0.022655033839616569, 0.017101595960489907, 0.019397131387823553, 0.015371246022647299, 0.016278053800603993, 0.01674318862427978, 0.016315935848221216, 0.016611249047306025, 0.015355653987606042, 0.018210431611385875, 0.015232486716673353, 0.015045885513593439, 0.012508921013077051, 0.017020448943599446, 0.015146314175391095], 'val_acc': [0.049472294546329565, 0.21042216321487855, 0.29221636046087834, 0.34432717872719654, 0.42150395569983762, 0.47229551734270081, 0.41292875749611918, 0.47757255716499991, 0.5032981534667883, 0.51978891568951369, 0.53034300811215251, 0.50329815185478932, 0.53627968479272248, 0.52968338108314372, 0.53759894376537098, 0.53298153097208067, 0.54419525042372829, 0.54353562437764569, 0.54419525140665448, 0.55408970697102256, 0.55013192120674104, 0.55474934221729444, 0.55145118741372645, 0.55277045031807981, 0.55013192513844578, 0.55013192415551959, 0.54881266714872345, 0.55936675170795269, 0.55936674911302753, 0.55606860020701676, 0.55936675957136228, 0.55672823215065659, 0.56530342677652368, 0.56134564985857793, 0.56134565147057691, 0.5633245384551604, 0.55672823376265557, 0.55870712208401874, 0.54815303520508363, 0.56266490651152068, 0.55672823804821381, 0.56596306363479443, 0.56860158256301774, 0.56266490686537407, 0.55540896987537591, 0.55804749863286129, 0.56662268869795085, 0.56332453782608771, 0.56398416941587404, 0.56200527295588187, 0.56464380135951386, 0.56596306461772061, 0.5672823255562216, 0.56794195455108276, 0.57058047642808474, 0.56992084609644389, 0.57189974291028955, 0.56926121352373138, 0.57255936832729937, 0.56992084645029739, 0.5692612194212886, 0.56926121548958375, 0.56596306363479443, 0.56530343562285945, 0.56398417236465259, 0.56398416878680124, 0.56464380135951386, 0.56662269754428662, 0.56662269459550807, 0.5732189920536761, 0.57189973799565852, 0.5573878647233691, 0.56464380171336725, 0.56728232359036923, 0.56794195714600793, 0.56464380332536623, 0.56728232359036923, 0.57453826577021772, 0.56530343857163801, 0.57519789217015371, 0.56926121450665756, 0.56464379939366138, 0.57124010837172456, 0.56794195749986143, 0.57189974129829058, 0.56926121843836242, 0.57058047839393722, 0.56068601988079048, 0.57124010703494488, 0.57651715472065368, 0.56860158649472259, 0.57124010345709353, 0.57058048295471475, 0.57058048197178857, 0.57519788788459547, 0.57189973834951191, 0.5718997393324381, 0.57321899795123332, 0.57058047741101092, 0.57189973406395367], 'val_loss': [4.5973847692434262, 3.8368900608576069, 3.4598242818208358, 3.1478600800823724, 2.6156216158401366, 2.3312390666838372, 2.6107388058564278, 2.2285923067686739, 2.1190521111588994, 2.0209862335061648, 2.0145154221076762, 2.033116733021346, 1.9454800123275113, 1.9738790435338083, 1.9124673141024044, 1.9528737907988416, 1.9137720596192695, 1.8904004590806986, 1.9189295469928229, 1.9028346345103826, 1.8817560995159803, 1.9103829956620852, 1.8812127575710769, 1.8911668441226426, 1.8921293732673323, 1.9344354013968899, 1.928691910879593, 1.8958823323878891, 1.9179576704558723, 1.9046784095210576, 1.9058378697385259, 1.9103508431238361, 1.913559848998027, 1.9255231505648127, 1.9137756115213862, 1.9079054722999835, 1.9348061128782408, 1.9186720050733763, 1.9592317526761964, 1.8904215640002631, 1.8933948739222926, 1.9308145192493549, 1.9272719266232212, 1.9164249346564501, 1.9739465507479645, 1.9738873252768001, 1.945791355066375, 1.9446724780631255, 1.9423884280753325, 1.9640006959281056, 1.961466878102134, 1.9245288227353059, 1.9509922641877449, 1.9494564459317592, 1.9619519803329004, 1.9749124330077763, 1.9778125246785248, 1.9573178456452403, 1.9579410906831947, 1.98329248387455, 1.9630551674749732, 1.9692375584453894, 1.9755262512330329, 1.9775352169781688, 1.9901463452303945, 1.9775254611604132, 1.9851558452231275, 1.9864143710337716, 1.9648256912080468, 1.9745219785494037, 1.9836565820711585, 1.9995884538325912, 1.9715131884514498, 1.9827465786153848, 1.9715665125909769, 1.9798682476725615, 1.9803787759237366, 1.9822298738132367, 1.993238193064063, 1.9884621035455086, 1.9973225785434088, 1.9921164042402384, 1.9861801721175303, 2.0028180351043439, 1.9910090457166405, 2.005010939525111, 2.0161914017080944, 2.0090731594682056, 2.0082236328666001, 1.9928686121837444, 2.0116129637079063, 2.0110426260487699, 2.004977237737902, 2.0080943827893298, 2.0155291241202944, 2.0111641989219788, 2.0136379739539918, 2.0173387041507107, 2.0201086644132409, 2.003021950300262]}
[1.9935352057709768, 0.59387240891588833]
['loss', 'acc']
